1084242
533533
1180831
1419406
83533
1218762
1128650
617126
575265
1522377
1426968
1026821
7451
402431
1261825
1084222
1377505
1038392
1228246
1468417
1223601
1320414
1481331
1429520
1237082
1244531
24428
81467
1296504
1061474
937941
1241983
1234821
1010581
957119
1280518
1242419
648457
911430
1156594
157336
1299655
41515
1087192
1511789
736526
1175942
812583
798645
62201
1214140
1161617
1053987
1280450
278
1403735
793387
1214931
1007734
1266990
8871
106
639988
1025527
1291040
1429738
1214130
1022787
1035259
1451296
507089
1214130
639988
597
1475189
1284120
1086260
552524
1257009
1429738
474350
950387
1035259
1022787
1022789
628847
1241982
346364
1134278
541671
238
1241742
19995
980477
1305717
338969
507244
155
604079
1029575
1215106
671
1325678
1238379
66245
1441563
861451
772
1316147
845781
27205
1186350
1009640
1287571
1107216
999075
1078605
533535
1259102
1119878
549319
1117857
1265063
748881
41515
939243
482600
1197306
941109
120
786892
823219
1376434
574475
1142101
1072699
360920
1229910
1084199
539972
601
1071585
642814
1096563
1553730
299536
1233413
1241634
122
674
18424
1280282
145341
240
354912
14160
1081208
18190
106646
1425122
1422096
675
986056
672
1245347
1125257
634649
1151031
603
1267319
