# Movie IDs from TMDB Discover API
# Generated: 2025-12-04T16:30:23.512Z
# Total movies: 100
# Pages fetched: 5

# Format: One movie ID per line
# You can add comments with #

1084242
533533
1180831
1419406
1083637
949709
1246049
1033462
1448560
1309012
1242898
1469354
1196573
1363123
967941
755898
1062722
1208561
269149
1539104
701387
1311031
1116465
1054867
425274
203101
1130276
803796
1327862
1433719
1248226
1197137
1218925
1550797
83533
1218762
1128650
617126
575265
1522377
1426968
1026821
7451
402431
1261825
1084222
1377505
1038392
1228246
1468417
1223601
1320414
1481331
1429520
1237082
1244531
24428
81467
1296504
1061474
937941
1241983
1234821
1010581
957119
1280518
1242419
648457
911430
1156594
157336
1299655
41515
1087192
1511789
736526
1175942
812583
798645
62201
1214140
1161617
1053987
1280450
278
1403735
793387
1214931
1007734
1266990
8871
106
639988
1025527
1291040
1429738
1214130
1022787
1035259
1451296